0.437819,0.352992,0.332839,0.326850,0.318090,0.314438,0.319747,0.336310,0.332697,0.325306,0.334507,0.350676,0.358732,0.399180,0.411253,0.395457,0.372626,0.360662,0.381201,0.359524,0.333840,0.318426,0.228280,0.194755,0.209636,0.165723,0.140782,0.132625,0.146137,0.136569,0.133356,0.112235,0.101410,0.103149,0.108457,0.118219,0.122575,0.116287,0.111596,0.108969,0.110386,0.112354,0.107641,0.114462,0.100361,0.096828,0.097214,0.098478,0.094744,0.091556,0.085625,0.083115,0.083871,0.079683,0.075917,0.077541,0.077838,0.071136,0.070833,0.083734,0.081854,0.064298,0.062169,0.047090
0.519809,0.424489,0.380205,0.376351,0.387045,0.372227,0.389802,0.363724,0.385384,0.386177,0.398691,0.400801,0.406685,0.409180,0.410361,0.379714,0.359684,0.384205,0.387590,0.385628,0.387470,0.399350,0.451849,0.305828,0.157378,0.185466,0.124854,0.125799,0.128236,0.128226,0.138572,0.125567,0.116197,0.114881,0.121207,0.115706,0.118933,0.117533,0.117236,0.125885,0.126683,0.122796,0.125387,0.126099,0.125279,0.109132,0.105155,0.108087,0.089963,0.095966,0.079948,0.085835,0.091603,0.088639,0.079021,0.084465,0.076563,0.072358,0.074810,0.077439,0.065414,0.061502,0.069444,0.056501
0.402323,0.352544,0.361250,0.365799,0.377834,0.382474,0.382647,0.381167,0.378099,0.378130,0.375356,0.372164,0.367768,0.366697,0.364956,0.375127,0.379623,0.381755,0.385633,0.382890,0.385861,0.373760,0.372943,0.354487,0.285732,0.242757,0.177053,0.174211,0.149965,0.140980,0.140422,0.126753,0.126671,0.127363,0.130149,0.120729,0.136493,0.132432,0.135973,0.134359,0.136646,0.136755,0.139554,0.126210,0.123489,0.123849,0.125070,0.118058,0.115057,0.105859,0.098901,0.104553,0.093868,0.092409,0.085681,0.079308,0.074209,0.073091,0.083477,0.076799,0.081386,0.074510,0.055472,0.061387
0.367326,0.348341,0.352906,0.362275,0.371259,0.375908,0.367475,0.368386,0.357138,0.358634,0.368899,0.385263,0.391257,0.380351,0.376037,0.384474,0.393045,0.377497,0.373570,0.373178,0.389874,0.395952,0.399423,0.391134,0.388114,0.358732,0.250724,0.194052,0.151720,0.134095,0.131589,0.134042,0.143788,0.140154,0.135374,0.132894,0.130055,0.134823,0.135674,0.138414,0.140256,0.136283,0.130330,0.125860,0.132082,0.130986,0.135100,0.118643,0.115215,0.108635,0.124983,0.102943,0.096456,0.085633,0.087633,0.078893,0.079636,0.062627,0.073466,0.074477,0.068817,0.068908,0.073470,0.074593
0.375860,0.343220,0.373996,0.391295,0.394372,0.384214,0.381829,0.389657,0.384948,0.373202,0.379747,0.380457,0.375213,0.359468,0.356597,0.370643,0.381996,0.374579,0.380453,0.378895,0.393829,0.388970,0.379898,0.359451,0.351179,0.349451,0.342601,0.319994,0.317176,0.275432,0.190535,0.167835,0.160405,0.136447,0.137401,0.124640,0.123751,0.115560,0.121890,0.134453,0.137194,0.132734,0.139236,0.139790,0.140873,0.124236,0.124549,0.121419,0.117512,0.124181,0.112255,0.114717,0.106061,0.096881,0.086895,0.073865,0.077524,0.066516,0.086745,0.074421,0.078684,0.062931,0.076133,0.075749
0.369981,0.328839,0.365310,0.383054,0.380904,0.372329,0.376346,0.380605,0.374902,0.360922,0.360205,0.367409,0.380865,0.370358,0.384132,0.388745,0.381880,0.387134,0.394002,0.378688,0.358279,0.366612,0.375091,0.363376,0.379608,0.387950,0.394674,0.410663,0.395663,0.355922,0.276911,0.203369,0.165901,0.157364,0.150437,0.136861,0.137817,0.136487,0.151919,0.140643,0.142606,0.133607,0.137581,0.131107,0.130722,0.127836,0.136185,0.134029,0.125054,0.124839,0.117963,0.110443,0.103912,0.100867,0.094700,0.101737,0.085233,0.073533,0.083813,0.082533,0.073019,0.073890,0.084522,0.072906
0.414217,0.395123,0.361193,0.373978,0.371715,0.372805,0.362365,0.386753,0.384808,0.376299,0.390454,0.386135,0.383131,0.382849,0.384663,0.375963,0.368990,0.370772,0.380466,0.380217,0.378802,0.393526,0.390128,0.386048,0.382360,0.374513,0.370758,0.373568,0.361888,0.372770,0.393297,0.353480,0.282661,0.224765,0.171488,0.134733,0.140619,0.136681,0.128442,0.119160,0.117711,0.130420,0.138631,0.145333,0.152146,0.143518,0.139079,0.134154,0.127396,0.122347,0.119204,0.120855,0.108585,0.120322,0.109491,0.117869,0.103122,0.093676,0.089944,0.083032,0.089616,0.083593,0.084459,0.072207
0.396115,0.347002,0.377006,0.379660,0.379715,0.377961,0.391923,0.396656,0.392509,0.379589,0.371886,0.363288,0.354936,0.361310,0.372924,0.373808,0.384033,0.390841,0.388136,0.379354,0.372576,0.373922,0.370507,0.367422,0.369337,0.365046,0.373887,0.390144,0.393685,0.396601,0.389060,0.395586,0.362530,0.313161,0.220936,0.174847,0.154691,0.149060,0.154991,0.144285,0.136136,0.150886,0.146972,0.149336,0.141034,0.127775,0.134661,0.132405,0.132127,0.129892,0.125111,0.120878,0.117586,0.119460,0.121277,0.122682,0.107246,0.102005,0.099454,0.094074,0.105950,0.103840,0.091248,0.074298
0.373148,0.356780,0.370532,0.382405,0.377462,0.373728,0.386116,0.399517,0.365209,0.362499,0.372039,0.380389,0.395501,0.384277,0.375833,0.381688,0.374049,0.358185,0.356625,0.365681,0.374434,0.375357,0.392057,0.382095,0.389530,0.388174,0.393010,0.406695,0.393545,0.386209,0.381963,0.376789,0.375218,0.384841,0.348325,0.281668,0.201106,0.163862,0.149747,0.170871,0.146105,0.136371,0.137854,0.138114,0.144321,0.153651,0.157156,0.135282,0.141835,0.131337,0.120525,0.131423,0.138662,0.124080,0.119166,0.126598,0.128511,0.124103,0.110927,0.108771,0.103990,0.104289,0.089211,0.066317
0.373938,0.368141,0.376577,0.392393,0.389093,0.374310,0.382788,0.405026,0.380730,0.382949,0.389139,0.394164,0.377879,0.365800,0.354096,0.363703,0.362653,0.364659,0.364644,0.382432,0.383789,0.380663,0.382776,0.371219,0.369613,0.371234,0.381549,0.385924,0.378786,0.378822,0.379106,0.393160,0.394261,0.400882,0.375080,0.348039,0.306696,0.255309,0.225084,0.165986,0.158464,0.166825,0.153372,0.151132,0.150426,0.149758,0.130843,0.121635,0.126052,0.125853,0.123732,0.134329,0.126481,0.119294,0.128432,0.124774,0.124469,0.115403,0.116721,0.128583,0.117272,0.113810,0.085326,0.082658
0.352384,0.308944,0.350976,0.387688,0.391046,0.382824,0.391951,0.403076,0.395386,0.380980,0.366763,0.357367,0.366241,0.375395,0.387069,0.397398,0.391567,0.391176,0.384194,0.383084,0.381097,0.365894,0.386389,0.382946,0.375721,0.381562,0.392860,0.395831,0.391866,0.384870,0.375830,0.366922,0.366014,0.371374,0.378282,0.386406,0.421892,0.407245,0.366964,0.315460,0.208672,0.169457,0.159063,0.155074,0.146517,0.133894,0.122099,0.136050,0.131716,0.135656,0.134262,0.131709,0.126934,0.121781,0.123971,0.123043,0.126293,0.117586,0.133612,0.126599,0.107052,0.104633,0.089430,0.104406
0.454555,0.367772,0.367760,0.374633,0.364902,0.359835,0.374318,0.383459,0.375953,0.372541,0.374523,0.381128,0.398468,0.399855,0.393734,0.390085,0.382523,0.373882,0.373616,0.381293,0.390329,0.377533,0.379458,0.378997,0.378821,0.380598,0.394369,0.384519,0.392800,0.370270,0.364694,0.372275,0.387921,0.407134,0.412861,0.409595,0.387460,0.378427,0.372239,0.379022,0.290674,0.244453,0.185070,0.161359,0.154842,0.152590,0.138257,0.137137,0.131209,0.129403,0.128695,0.131867,0.124313,0.122549,0.121146,0.128264,0.131106,0.115440,0.126233,0.119479,0.117732,0.114169,0.118010,0.096373
0.443312,0.367040,0.363543,0.380498,0.392102,0.385621,0.386801,0.399878,0.390325,0.390655,0.395074,0.386795,0.376698,0.385028,0.381596,0.380327,0.382853,0.394015,0.388444,0.402725,0.403302,0.383987,0.368444,0.356166,0.378082,0.382690,0.379117,0.387031,0.386269,0.373973,0.389153,0.393497,0.400653,0.394730,0.385241,0.381410,0.373862,0.379810,0.387341,0.390230,0.396994,0.406359,0.359376,0.269328,0.181989,0.147706,0.154135,0.138728,0.126876,0.128322,0.136803,0.139806,0.136557,0.123470,0.137659,0.127815,0.129872,0.131614,0.129102,0.129020,0.128371,0.125818,0.118102,0.102330
0.397175,0.354791,0.359535,0.361568,0.372559,0.374796,0.384178,0.408373,0.390904,0.382786,0.382342,0.376580,0.364189,0.382364,0.393646,0.384702,0.393799,0.397616,0.381678,0.377539,0.378578,0.348200,0.354691,0.353193,0.362946,0.385515,0.386205,0.392682,0.404659,0.388855,0.383554,0.382368,0.373693,0.375088,0.386108,0.386565,0.404806,0.397969,0.391414,0.391416,0.379501,0.382237,0.387169,0.371079,0.285146,0.218322,0.166096,0.150331,0.140815,0.143489,0.138479,0.134277,0.128033,0.120779,0.124869,0.117119,0.115668,0.131444,0.130236,0.129410,0.133589,0.126406,0.125587,0.097576
0.373213,0.355855,0.370682,0.379350,0.379962,0.375946,0.376918,0.393315,0.385942,0.374816,0.383942,0.393894,0.384926,0.374708,0.372350,0.372231,0.376859,0.378366,0.368468,0.375563,0.392016,0.403656,0.389739,0.371067,0.377022,0.390474,0.384428,0.384506,0.369947,0.362990,0.368147,0.380092,0.380001,0.388491,0.409724,0.396614,0.392030,0.397519,0.376842,0.376960,0.373432,0.395615,0.409064,0.417320,0.402859,0.349878,0.238824,0.172031,0.147124,0.149618,0.137163,0.130196,0.132524,0.135261,0.145028,0.139153,0.135946,0.139341,0.129479,0.140805,0.135204,0.133304,0.127104,0.116605
0.355236,0.331050,0.367197,0.377085,0.370529,0.368172,0.389128,0.404365,0.400644,0.380627,0.383234,0.375059,0.362356,0.362835,0.365515,0.381406,0.396491,0.397188,0.391298,0.397759,0.397216,0.395133,0.390848,0.369759,0.378026,0.373340,0.378400,0.389281,0.390244,0.390644,0.387286,0.382594,0.365756,0.375693,0.376211,0.372748,0.370705,0.387955,0.396686,0.395368,0.407902,0.410538,0.405421,0.396084,0.390956,0.362445,0.335015,0.288541,0.218472,0.198023,0.160055,0.154314,0.144038,0.149052,0.129087,0.123870,0.124358,0.125338,0.129492,0.145338,0.136805,0.136151,0.126728,0.152938
0.429078,0.378393,0.371385,0.369508,0.365069,0.358730,0.360725,0.388367,0.379723,0.365093,0.368338,0.381012,0.369372,0.372245,0.380204,0.387130,0.387631,0.376964,0.369410,0.372042,0.375363,0.377843,0.383534,0.386982,0.396495,0.383321,0.386587,0.375162,0.375483,0.367177,0.360364,0.357415,0.364530,0.387121,0.396800,0.396347,0.406397,0.387743,0.391044,0.374684,0.375398,0.376395,0.371171,0.366219,0.377756,0.390798,0.391470,0.403575,0.346757,0.286777,0.217985,0.174013,0.162940,0.154207,0.127304,0.127663,0.137742,0.142930,0.159537,0.155609,0.122785,0.172756,0.144999,0.180502
0.394711,0.373040,0.377443,0.382269,0.395081,0.387270,0.399960,0.407003,0.406373,0.399182,0.379861,0.372429,0.366009,0.369396,0.368799,0.369145,0.377617,0.380241,0.380494,0.386709,0.396657,0.392623,0.379640,0.382883,0.389147,0.375053,0.373447,0.368470,0.371100,0.381597,0.381840,0.386287,0.384144,0.383059,0.379510,0.385492,0.365802,0.371160,0.374678,0.385873,0.380731,0.392123,0.393027,0.386733,0.387624,0.388060,0.368747,0.356135,0.348445,0.302463,0.339583,0.302027,0.223838,0.176584,0.161111,0.152767,0.146500,0.148825,0.162728,0.178355,0.232599,0.258238,0.338793,0.329292
0.360938,0.330637,0.351730,0.356447,0.358092,0.364122,0.391648,0.398944,0.383309,0.374185,0.354963,0.360612,0.372915,0.388753,0.388000,0.388477,0.404105,0.399556,0.385032,0.370614,0.372857,0.350639,0.342561,0.364355,0.379122,0.380022,0.384470,0.380278,0.389636,0.384674,0.369359,0.374025,0.378031,0.385640,0.380101,0.386061,0.383612,0.392723,0.395113,0.380944,0.370070,0.362348,0.365079,0.355040,0.349951,0.355103,0.358742,0.372216,0.374274,0.381422,0.403440,0.410286,0.345837,0.230987,0.208164,0.210349,0.200803,0.219708,0.251224,0.312814,0.398460,0.350334,0.402646,0.469073
0.392796,0.362551,0.377168,0.385369,0.384454,0.384752,0.387302,0.389702,0.376872,0.378670,0.383086,0.392334,0.377802,0.374427,0.370837,0.381846,0.383397,0.376389,0.366710,0.377501,0.382132,0.384131,0.391367,0.387105,0.383627,0.372701,0.379648,0.388880,0.381585,0.374851,0.363491,0.379650,0.391572,0.400681,0.391293,0.388771,0.379143,0.376554,0.362096,0.358720,0.361055,0.362776,0.379684,0.381594,0.384823,0.387096,0.383458,0.373994,0.375623,0.360174,0.343409,0.229579,0.268402,0.230384,0.244201,0.321761,0.376537,0.378578,0.409046,0.458086,0.480533,0.468529,0.513653,0.573441
0.358088,0.351973,0.382293,0.386312,0.380733,0.377661,0.387800,0.394248,0.392475,0.384030,0.393559,0.404286,0.389374,0.379144,0.376704,0.377217,0.392862,0.394147,0.392292,0.387909,0.378199,0.379142,0.382140,0.362695,0.362907,0.368113,0.381486,0.380103,0.377169,0.374298,0.370742,0.365033,0.375789,0.380298,0.371217,0.359792,0.363248,0.370421,0.369350,0.382258,0.375828,0.379494,0.395344,0.385161,0.383047,0.382867,0.370836,0.365732,0.369101,0.367491,0.325835,0.199393,0.166129,0.330545,0.340172,0.454934,0.452950,0.481681,0.481774,0.505425,0.565961,0.570645,0.603870,0.610025
0.387670,0.363069,0.363635,0.385863,0.373181,0.376515,0.381003,0.388243,0.375940,0.384741,0.382908,0.380028,0.385029,0.391996,0.382341,0.376183,0.369670,0.371655,0.367353,0.369312,0.368635,0.366180,0.375190,0.381290,0.402349,0.382309,0.386887,0.386225,0.389392,0.377538,0.364504,0.364185,0.359863,0.373534,0.376594,0.383122,0.382443,0.377283,0.386994,0.389997,0.382634,0.377027,0.364623,0.354838,0.372090,0.381007,0.373868,0.383715,0.395048,0.394703,0.354220,0.245080,0.075061,0.407078,0.510177,0.495606,0.527029,0.536065,0.552928,0.539377,0.549931,0.573408,0.608921,0.505220
0.378388,0.350251,0.383096,0.391067,0.369570,0.365089,0.395281,0.392743,0.388736,0.384676,0.378951,0.381012,0.378726,0.384414,0.369245,0.368681,0.359152,0.369968,0.389910,0.391705,0.389575,0.389210,0.387362,0.387806,0.393250,0.372286,0.363021,0.361192,0.375251,0.368000,0.369074,0.375903,0.381858,0.386497,0.393015,0.383212,0.378284,0.367335,0.362687,0.354470,0.364077,0.382414,0.398042,0.383777,0.388950,0.390450,0.375135,0.370718,0.369831,0.369728,0.342868,0.222389,0.108533,0.423762,0.587390,0.566620,0.547304,0.507551,0.515421,0.432135,0.435614,0.441985,0.424956,0.427333
0.371193,0.345082,0.347810,0.354757,0.353397,0.373492,0.409442,0.403830,0.383587,0.379988,0.367519,0.358966,0.350984,0.376660,0.381637,0.390947,0.380035,0.383260,0.383178,0.388747,0.374473,0.362158,0.353118,0.369720,0.377508,0.375913,0.381500,0.373489,0.390447,0.381586,0.368226,0.370664,0.369005,0.372196,0.367584,0.369041,0.370703,0.382832,0.394421,0.403793,0.401693,0.395446,0.380791,0.365086,0.357116,0.348533,0.346097,0.339594,0.354263,0.374326,0.374518,0.341306,0.276496,0.487729,0.608279,0.517899,0.424684,0.496998,0.390723,0.367021,0.357111,0.346293,0.353660,0.249460
0.351841,0.320728,0.357666,0.370129,0.373579,0.371434,0.400007,0.392587,0.376150,0.366896,0.377853,0.385423,0.390405,0.380896,0.365711,0.377032,0.363114,0.357873,0.358112,0.367216,0.360918,0.367739,0.370014,0.372943,0.371390,0.381112,0.388378,0.375986,0.372934,0.381861,0.376822,0.373405,0.363208,0.359066,0.369845,0.371895,0.380031,0.397317,0.402106,0.378858,0.369303,0.371678,0.370028,0.376215,0.378831,0.375612,0.375273,0.369527,0.375165,0.380209,0.383143,0.316396,0.354287,0.621059,0.707914,0.594378,0.523470,0.429462,0.255843,0.240506,0.258678,0.297326,0.279364,0.297531
0.344598,0.304553,0.357843,0.367230,0.380566,0.385024,0.397207,0.402795,0.391266,0.390383,0.383398,0.391327,0.364023,0.345920,0.361371,0.372739,0.385442,0.401953,0.395263,0.389973,0.385165,0.389563,0.383723,0.373781,0.368645,0.381600,0.381901,0.370284,0.388220,0.382768,0.370696,0.359975,0.361304,0.375141,0.392950,0.385709,0.379146,0.375165,0.373944,0.378499,0.385910,0.395731,0.394146,0.396242,0.381776,0.359844,0.351410,0.341965,0.342128,0.355999,0.366196,0.283046,0.345850,0.635522,0.812808,0.694200,0.709396,0.543953,0.213788,0.257251,0.279630,0.305342,0.293509,0.304426
0.355632,0.330579,0.352265,0.373438,0.375823,0.380919,0.381310,0.366070,0.353090,0.349253,0.344456,0.373824,0.378503,0.408698,0.382343,0.385792,0.386340,0.385163,0.376522,0.366994,0.364890,0.367473,0.364945,0.357778,0.362339,0.374976,0.371683,0.370231,0.375911,0.379867,0.381878,0.393303,0.418950,0.430866,0.426426,0.408079,0.388046,0.394991,0.381899,0.387072,0.376701,0.377953,0.383700,0.369523,0.364853,0.360305,0.358517,0.369422,0.377854,0.373724,0.391610,0.383188,0.516618,0.832732,0.792417,0.678708,0.689887,0.549782,0.316717,0.190370,0.239143,0.301959,0.329470,0.315540
0.368794,0.337840,0.374065,0.367364,0.366917,0.369041,0.384877,0.381584,0.380411,0.397537,0.376038,0.355516,0.366634,0.465118,0.425435,0.384221,0.377547,0.368939,0.373196,0.373179,0.375350,0.371232,0.374702,0.377339,0.378268,0.394099,0.405588,0.438255,0.434116,0.415271,0.405133,0.431286,0.452125,0.428626,0.401013,0.389286,0.384765,0.388717,0.378727,0.371861,0.369964,0.364938,0.373949,0.368500,0.381584,0.376452,0.388343,0.396474,0.385609,0.374967,0.385080,0.395133,0.517238,0.876246,0.929591,0.690048,0.696102,0.575832,0.286285,0.239103,0.273098,0.309808,0.330415,0.325349
0.359976,0.330351,0.363198,0.365610,0.360314,0.376237,0.400954,0.388726,0.381265,0.395672,0.376326,0.324362,0.173483,0.324295,0.326689,0.367986,0.361581,0.364278,0.385068,0.383374,0.389479,0.395453,0.408533,0.419964,0.458291,0.533038,0.580706,0.554021,0.434329,0.367738,0.361031,0.335921,0.386906,0.355459,0.356695,0.353609,0.351973,0.353443,0.363839,0.375055,0.376960,0.387699,0.387381,0.385870,0.379144,0.371303,0.372447,0.364425,0.349770,0.345915,0.348337,0.389905,0.493543,0.931693,0.943798,0.769413,0.690527,0.580893,0.316399,0.284528,0.282638,0.333815,0.313132,0.359652
0.366146,0.349899,0.361822,0.359323,0.363617,0.365985,0.392880,0.389890,0.385844,0.388779,0.387323,0.360633,0.226332,0.042437,0.143069,0.253205,0.390059,0.388632,0.427946,0.487759,0.466325,0.473730,0.500385,0.505465,0.429757,0.446836,0.670948,0.590335,0.426311,0.239864,0.218985,0.226141,0.304869,0.345057,0.361333,0.373305,0.382908,0.397552,0.397482,0.385957,0.360075,0.350043,0.351625,0.345955,0.346421,0.352385,0.372057,0.383137,0.378842,0.380415,0.393829,0.422246,0.595724,0.925992,0.960256,0.863755,0.693293,0.541367,0.340526,0.342008,0.345707,0.358263,0.370357,0.354624
0.359918,0.354974,0.384352,0.383838,0.374289,0.381541,0.399689,0.402322,0.395693,0.389019,0.390873,0.352346,0.198156,0.041935,0.252037,0.454620,0.423929,0.514265,0.471941,0.438362,0.357077,0.321726,0.298932,0.239067,0.198940,0.236074,0.672961,0.612873,0.472521,0.327660,0.227759,0.213927,0.312058,0.333447,0.359834,0.375782,0.369503,0.365237,0.359016,0.353593,0.361175,0.359501,0.357784,0.368058,0.386443,0.384465,0.382139,0.390205,0.371823,0.357701,0.338034,0.401520,0.608684,0.935214,0.945203,0.908608,0.766562,0.599868,0.354848,0.415026,0.365437,0.365335,0.394586,0.378943
0.348306,0.343586,0.380953,0.367737,0.363424,0.374794,0.387779,0.387627,0.372116,0.365642,0.362009,0.327026,0.252054,0.155246,0.340272,0.580447,0.418585,0.301145,0.245941,0.193456,0.145821,0.137602,0.127108,0.051667,0.047792,0.237400,0.719852,0.773811,0.464302,0.362676,0.261944,0.244250,0.303815,0.342894,0.367970,0.379604,0.380527,0.367871,0.377153,0.385132,0.377226,0.372486,0.368013,0.370570,0.354188,0.349615,0.341557,0.358083,0.362184,0.358028,0.360517,0.405870,0.601296,0.932558,0.987426,0.971774,0.823318,0.632834,0.364445,0.431723,0.370886,0.375713,0.378348,0.370402
0.365392,0.339469,0.359938,0.363077,0.368315,0.373837,0.375945,0.384035,0.385328,0.380221,0.385732,0.382957,0.434578,0.208364,0.392040,0.574713,0.422490,0.298439,0.202352,0.093844,0.037264,0.022271,0.078653,0.056580,0.094396,0.246947,0.716852,0.667621,0.505131,0.330227,0.301870,0.235384,0.318627,0.348225,0.373078,0.376244,0.375565,0.374653,0.376958,0.385179,0.372597,0.360385,0.346628,0.352391,0.359831,0.362399,0.365102,0.377623,0.393059,0.391271,0.380845,0.413678,0.615798,0.948174,0.995706,0.983173,0.928770,0.681191,0.439199,0.419902,0.377671,0.381644,0.381482,0.373557
0.362680,0.332279,0.359031,0.359348,0.367036,0.378445,0.404795,0.389283,0.378437,0.377694,0.378663,0.366360,0.349147,0.300747,0.463200,0.699294,0.491300,0.367097,0.262034,0.080378,0.035839,0.055046,0.077233,0.128187,0.154524,0.392918,0.813652,0.862166,0.547907,0.442679,0.406788,0.317412,0.325913,0.355428,0.363856,0.365554,0.368370,0.384146,0.369705,0.365980,0.363197,0.360354,0.364998,0.383871,0.385717,0.383759,0.375672,0.365563,0.356234,0.361112,0.341178,0.405407,0.605276,0.946626,0.976741,0.977528,0.967613,0.677789,0.447912,0.426696,0.380359,0.390685,0.369121,0.370526
0.386374,0.358517,0.367771,0.370284,0.366615,0.365414,0.394477,0.384920,0.372167,0.370148,0.376588,0.376073,0.390067,0.324121,0.550706,0.686724,0.448241,0.398059,0.291303,0.054743,0.050563,0.077538,0.097050,0.108678,0.193799,0.466315,0.894950,0.915883,0.714307,0.474596,0.324031,0.350670,0.355513,0.366517,0.380986,0.386409,0.393441,0.395541,0.386925,0.382197,0.385421,0.376357,0.363058,0.362967,0.359965,0.361903,0.358365,0.366756,0.358175,0.357457,0.363285,0.398056,0.606521,0.942133,0.969151,0.995301,0.972921,0.719658,0.530862,0.463313,0.419692,0.394603,0.357849,0.415767
0.370806,0.373536,0.380120,0.379163,0.370571,0.377276,0.406050,0.400819,0.394457,0.380195,0.382585,0.374006,0.363889,0.458034,0.715113,0.764977,0.525339,0.434155,0.313180,0.138830,0.115669,0.108402,0.137261,0.205052,0.247370,0.498740,0.887823,0.894308,0.838592,0.474423,0.339937,0.357792,0.353647,0.372211,0.386683,0.389881,0.403958,0.401514,0.380179,0.373463,0.362268,0.367770,0.372667,0.373437,0.369921,0.377209,0.383518,0.385143,0.374613,0.376803,0.371306,0.419009,0.643533,0.945952,0.973501,0.986969,0.938559,0.793427,0.550042,0.523620,0.416816,0.449206,0.392079,0.437912
0.356200,0.361225,0.393177,0.383855,0.368702,0.387044,0.392538,0.388674,0.377839,0.373654,0.373330,0.365040,0.385173,0.488707,0.812961,0.909655,0.614948,0.442519,0.292551,0.109205,0.087074,0.127960,0.162431,0.179303,0.272984,0.529187,0.926126,0.927138,0.809859,0.496592,0.383761,0.347975,0.363599,0.367684,0.377261,0.382879,0.392709,0.378849,0.363265,0.371393,0.373169,0.387599,0.396594,0.384937,0.380200,0.374436,0.365870,0.352388,0.338367,0.343604,0.299361,0.412237,0.657181,0.951253,0.982843,0.988596,0.962755,0.813136,0.614529,0.514494,0.548856,0.677814,0.416594,0.385188
0.370573,0.373471,0.382513,0.358228,0.362653,0.375600,0.383555,0.374487,0.369476,0.374184,0.380008,0.381263,0.399742,0.493197,0.802336,0.994567,0.672436,0.475925,0.333632,0.174381,0.120549,0.154011,0.184557,0.263011,0.236666,0.580596,0.918092,0.934773,0.780260,0.536606,0.321467,0.312605,0.367310,0.379828,0.389691,0.394620,0.389764,0.392001,0.383568,0.395268,0.383119,0.381958,0.372571,0.365686,0.362680,0.363296,0.353611,0.368140,0.373869,0.388064,0.365592,0.415373,0.701294,0.971546,0.980135,0.982297,0.979331,0.848506,0.692835,0.573622,0.530532,0.696177,0.515404,0.441457
0.373244,0.361741,0.383171,0.385624,0.378005,0.398204,0.406636,0.400734,0.388751,0.391952,0.391187,0.376978,0.413507,0.527211,0.913650,0.959029,0.729644,0.514305,0.266519,0.137372,0.139432,0.176059,0.276148,0.291996,0.285335,0.637691,0.929621,0.948086,0.816198,0.609994,0.373480,0.327476,0.376992,0.382449,0.387823,0.391199,0.382482,0.369134,0.368935,0.364864,0.359474,0.360539,0.373169,0.375414,0.382023,0.398494,0.391858,0.385846,0.382644,0.379857,0.366428,0.429840,0.723778,0.964071,0.962987,0.985384,0.975505,0.888348,0.715551,0.585627,0.554396,0.454092,0.450072,0.403030
0.362798,0.351054,0.374332,0.370369,0.378283,0.380872,0.399921,0.387177,0.364822,0.364600,0.369828,0.365055,0.398405,0.523639,0.871723,0.928123,0.802677,0.532653,0.276780,0.115781,0.121466,0.182226,0.251831,0.189346,0.301082,0.625997,0.915132,0.952958,0.864494,0.729791,0.402307,0.353641,0.384891,0.393638,0.404903,0.405166,0.390895,0.368183,0.360686,0.369725,0.368340,0.372929,0.380288,0.382806,0.381407,0.390254,0.376692,0.356388,0.361953,0.365945,0.357036,0.437427,0.749267,0.969846,0.977796,0.991952,0.986050,0.895173,0.726094,0.599370,0.509656,0.476987,0.447088,0.399304
0.367342,0.372543,0.387959,0.388291,0.370342,0.373752,0.378771,0.381880,0.369940,0.370201,0.392228,0.384760,0.412064,0.552743,0.900534,0.918969,0.840524,0.577835,0.367843,0.136636,0.111743,0.200432,0.252618,0.226981,0.305210,0.647265,0.943116,0.948951,0.861051,0.774548,0.515335,0.373547,0.394476,0.398901,0.409952,0.416542,0.404576,0.387396,0.382941,0.368684,0.366718,0.380039,0.381518,0.375563,0.359870,0.377724,0.384722,0.377072,0.388290,0.382855,0.367611,0.443676,0.762139,0.964111,0.972925,0.975591,0.987770,0.899575,0.750663,0.625462,0.528933,0.528194,0.506513,0.492762
0.365770,0.378038,0.401266,0.375628,0.363996,0.373184,0.389629,0.393895,0.377283,0.376251,0.380264,0.370336,0.390412,0.574051,0.922158,0.952314,0.823177,0.663213,0.388942,0.144433,0.136315,0.227675,0.275143,0.308552,0.349849,0.609807,0.942703,0.955993,0.851758,0.785235,0.514448,0.345648,0.402561,0.406053,0.415687,0.421796,0.407923,0.382339,0.366665,0.360905,0.363880,0.361429,0.377483,0.388696,0.388970,0.392203,0.395359,0.378823,0.376663,0.372740,0.371233,0.440310,0.759092,0.948497,0.991857,0.987870,0.987596,0.899858,0.753536,0.632608,0.551538,0.529650,0.562239,0.548224
0.369215,0.358466,0.381260,0.380677,0.378637,0.382086,0.383667,0.371080,0.361810,0.359988,0.371209,0.369644,0.377266,0.599194,0.935635,0.974891,0.860904,0.734743,0.404039,0.209557,0.179060,0.270950,0.314584,0.299940,0.366077,0.646220,0.941427,0.940724,0.819483,0.769106,0.538510,0.360063,0.420586,0.416880,0.433319,0.421667,0.391640,0.375519,0.380879,0.388858,0.384505,0.375869,0.390550,0.397014,0.382144,0.362664,0.353466,0.350764,0.370452,0.367564,0.386009,0.445680,0.766251,0.957932,0.972388,0.984611,0.979231,0.877328,0.744521,0.626987,0.555793,0.554246,0.544538,0.549738
0.372896,0.370389,0.382810,0.373844,0.367251,0.375902,0.389564,0.370725,0.361751,0.379917,0.372883,0.356827,0.396185,0.600771,0.934269,0.972732,0.852901,0.778035,0.490546,0.244311,0.224291,0.298970,0.343247,0.341061,0.391645,0.659951,0.942234,0.964746,0.828943,0.731062,0.486362,0.377403,0.411142,0.410580,0.431295,0.408687,0.376744,0.371946,0.374385,0.382508,0.373993,0.358009,0.357779,0.376404,0.370672,0.378166,0.371104,0.372240,0.374802,0.376367,0.382706,0.452160,0.769956,0.960373,0.988809,0.985497,0.988412,0.857703,0.740745,0.622610,0.566585,0.550263,0.548111,0.551612
0.360908,0.334238,0.368460,0.359243,0.376543,0.404420,0.414754,0.382007,0.379453,0.378329,0.374149,0.347468,0.400061,0.594714,0.920385,0.968444,0.853378,0.804494,0.485044,0.222269,0.224982,0.317264,0.352298,0.355361,0.403364,0.663172,0.943155,0.945421,0.846490,0.665148,0.520992,0.396989,0.426315,0.439931,0.455638,0.429166,0.366265,0.359482,0.363468,0.371987,0.369794,0.382400,0.374140,0.377246,0.381130,0.380812,0.362970,0.367337,0.365515,0.359183,0.376112,0.451180,0.769726,0.962783,0.978840,0.993363,0.984661,0.854056,0.728545,0.631257,0.561537,0.551414,0.550162,0.550312
0.392208,0.359580,0.375473,0.378043,0.371920,0.401437,0.407882,0.369325,0.358331,0.356927,0.375424,0.365385,0.428926,0.626954,0.909713,0.974703,0.854565,0.772949,0.493022,0.241699,0.250579,0.332758,0.355135,0.342762,0.397647,0.717623,0.957187,0.927096,0.854835,0.740800,0.495769,0.388488,0.417042,0.459057,0.484690,0.442408,0.394501,0.388611,0.384117,0.388804,0.384802,0.386196,0.367859,0.355494,0.349316,0.362009,0.360625,0.371625,0.383938,0.370933,0.404156,0.451496,0.778355,0.958718,0.976790,0.987566,0.973176,0.843175,0.734599,0.629247,0.556266,0.559847,0.534762,0.548351
0.371163,0.362347,0.387570,0.383289,0.379808,0.379957,0.399446,0.379263,0.385261,0.372844,0.378736,0.393851,0.448868,0.654946,0.924232,0.941592,0.829537,0.829244,0.458279,0.263870,0.250762,0.324652,0.350029,0.334179,0.405576,0.746476,0.993673,0.949532,0.836428,0.797554,0.494156,0.373194,0.431627,0.477442,0.514093,0.484387,0.395223,0.377948,0.368929,0.355951,0.354024,0.365305,0.364028,0.386719,0.387508,0.389240,0.371692,0.383791,0.386097,0.371623,0.381412,0.454628,0.756827,0.957686,0.984816,0.985477,0.970003,0.849571,0.729427,0.648367,0.582053,0.540632,0.551988,0.550937
0.375848,0.352359,0.386100,0.371028,0.369091,0.366832,0.379360,0.356015,0.352400,0.342860,0.343746,0.410769,0.470017,0.683409,0.939690,0.965207,0.824647,0.774607,0.480172,0.253547,0.316612,0.357897,0.350480,0.345734,0.422544,0.730552,0.961279,0.956332,0.831598,0.803554,0.492431,0.372824,0.448037,0.503430,0.527412,0.492899,0.380813,0.366824,0.372092,0.384976,0.376427,0.386892,0.391529,0.399854,0.379323,0.376563,0.370139,0.361755,0.364288,0.359155,0.366753,0.439544,0.770307,0.957610,0.982082,0.979548,0.977509,0.831517,0.727977,0.612612,0.560980,0.570561,0.551595,0.553916
0.381351,0.360929,0.389558,0.381047,0.377564,0.393118,0.392447,0.377206,0.370531,0.374534,0.380951,0.455652,0.495831,0.680713,0.929807,0.927846,0.827403,0.751485,0.480866,0.266729,0.317461,0.348989,0.348712,0.325953,0.423239,0.756302,0.962006,0.930681,0.810145,0.797563,0.503758,0.389067,0.455734,0.511971,0.548217,0.503537,0.379884,0.379671,0.381822,0.377855,0.370800,0.364531,0.364913,0.373746,0.361803,0.353465,0.356309,0.360639,0.371042,0.369089,0.424614,0.451658,0.771192,0.953909,0.983296,0.975956,0.992028,0.850516,0.717299,0.639976,0.556157,0.561564,0.544571,0.548100
0.364694,0.350865,0.379381,0.389768,0.387576,0.401864,0.397651,0.367780,0.374804,0.385385,0.385236,0.449998,0.474080,0.703888,0.937164,0.943279,0.860583,0.789083,0.461978,0.282660,0.366419,0.377675,0.373099,0.350196,0.451873,0.781011,0.971705,0.945219,0.837999,0.794762,0.499454,0.442174,0.512709,0.536562,0.572354,0.500881,0.357372,0.383620,0.368557,0.368140,0.356299,0.359660,0.378706,0.380109,0.388926,0.391273,0.384158,0.368540,0.353033,0.349107,0.411535,0.473462,0.810422,0.968760,0.986952,0.973165,0.977307,0.868584,0.733964,0.610833,0.561615,0.562408,0.544197,0.548329
0.370382,0.357588,0.373866,0.360850,0.350783,0.368718,0.389061,0.364772,0.370267,0.375282,0.371403,0.412502,0.469493,0.719419,0.907523,0.948316,0.836464,0.754281,0.476812,0.308698,0.366884,0.380079,0.371523,0.379307,0.448873,0.803321,0.963522,0.951753,0.850497,0.777504,0.474911,0.433177,0.521591,0.542279,0.550977,0.509973,0.357052,0.379562,0.376075,0.379610,0.375883,0.374719,0.364955,0.351265,0.359884,0.362950,0.359086,0.346970,0.345795,0.355402,0.418328,0.485785,0.818458,0.963587,0.985656,0.981660,0.991990,0.860787,0.729817,0.617046,0.560164,0.556633,0.545394,0.550556
0.367940,0.367011,0.399412,0.377120,0.362413,0.386189,0.413528,0.383966,0.376900,0.367999,0.384051,0.419596,0.475973,0.751942,0.945293,0.934638,0.836764,0.764030,0.451202,0.318714,0.370634,0.389429,0.383101,0.426032,0.464467,0.797068,0.950274,0.939706,0.853453,0.807390,0.499506,0.478428,0.550167,0.554165,0.569046,0.520302,0.403244,0.395915,0.381827,0.377320,0.367993,0.365108,0.358223,0.363586,0.366917,0.370986,0.384170,0.389338,0.382047,0.377618,0.442928,0.497346,0.831681,0.971952,0.989804,0.985051,0.985031,0.836631,0.744188,0.622117,0.559901,0.555221,0.549760,0.546230
0.362460,0.368670,0.401612,0.375187,0.358832,0.377356,0.401574,0.369555,0.358051,0.353883,0.369133,0.422502,0.474019,0.765219,0.943069,0.955298,0.853793,0.786835,0.461107,0.340904,0.390975,0.403959,0.387800,0.418294,0.482969,0.812691,0.965291,0.937824,0.851151,0.770063,0.464044,0.494220,0.549723,0.568411,0.568121,0.526366,0.383246,0.374326,0.367669,0.369756,0.373975,0.371865,0.383999,0.392452,0.381706,0.377296,0.387871,0.387817,0.383082,0.378327,0.437095,0.493229,0.832761,0.962260,0.978705,0.990318,0.966606,0.819620,0.729501,0.624704,0.558379,0.557755,0.542568,0.550531
0.386771,0.377217,0.373899,0.367235,0.366437,0.380873,0.390961,0.378571,0.377003,0.376924,0.379359,0.448164,0.486895,0.788468,0.946726,0.935540,0.837813,0.798791,0.466538,0.342948,0.379042,0.392236,0.393359,0.429461,0.486939,0.822752,0.962189,0.943100,0.824951,0.791774,0.451024,0.513937,0.556084,0.569316,0.571824,0.522955,0.406457,0.374746,0.385148,0.387096,0.387599,0.380738,0.383670,0.376576,0.369840,0.359106,0.353340,0.368416,0.371963,0.365965,0.405806,0.503944,0.834623,0.974137,0.992806,0.983398,0.955910,0.806177,0.719582,0.628522,0.564858,0.549867,0.545531,0.552004
0.380257,0.376810,0.384607,0.390897,0.388963,0.402113,0.397451,0.384948,0.379760,0.376998,0.366416,0.427837,0.491535,0.787751,0.946797,0.945199,0.837880,0.788624,0.469238,0.354113,0.397139,0.425975,0.436710,0.462027,0.502507,0.827394,0.979702,0.953189,0.866024,0.814986,0.502174,0.523450,0.553473,0.563512,0.596287,0.533635,0.377591,0.360753,0.365372,0.361427,0.351851,0.353534,0.364128,0.364124,0.379123,0.372911,0.371688,0.368757,0.373895,0.370740,0.431452,0.498624,0.839195,0.961829,0.983417,0.988856,0.963264,0.807772,0.723121,0.625629,0.560918,0.554754,0.551507,0.547339
0.365041,0.352492,0.362094,0.372083,0.372208,0.384697,0.378790,0.361317,0.355587,0.354954,0.356310,0.433381,0.485638,0.788736,0.947336,0.941006,0.838961,0.779292,0.507207,0.371548,0.418139,0.441137,0.468954,0.490545,0.516142,0.818694,0.946261,0.953822,0.854166,0.807998,0.478290,0.525819,0.563290,0.571634,0.620235,0.525134,0.391066,0.351428,0.374056,0.370756,0.373100,0.381008,0.373830,0.374673,0.378688,0.391044,0.362616,0.345921,0.354604,0.354189,0.406960,0.495918,0.835540,0.967005,0.986589,0.985516,0.957434,0.821197,0.721449,0.636367,0.555642,0.569842,0.536266,0.548433
0.354623,0.410686,0.395940,0.390325,0.369473,0.390257,0.400061,0.377282,0.378092,0.373827,0.385393,0.445743,0.491218,0.798572,0.947921,0.942755,0.831491,0.796108,0.507108,0.374434,0.444529,0.482938,0.481756,0.483777,0.504719,0.829201,0.972689,0.943563,0.836455,0.792341,0.460292,0.550146,0.576869,0.627613,0.626755,0.613298,0.407554,0.364742,0.366772,0.362641,0.359903,0.375118,0.361459,0.372009,0.368977,0.375336,0.358990,0.356181,0.365844,0.373434,0.425848,0.511496,0.838061,0.971872,0.983976,0.992331,0.962757,0.818861,0.725492,0.615316,0.571158,0.558096,0.538300,0.546563
0.347098,0.384607,0.408271,0.392811,0.385618,0.388671,0.393747,0.352260,0.353027,0.355246,0.358958,0.424979,0.485393,0.800576,0.952583,0.939988,0.840474,0.782170,0.499965,0.366142,0.436396,0.466088,0.498898,0.519101,0.524032,0.827502,0.991454,0.944522,0.887157,0.815565,0.474113,0.558327,0.615733,0.632822,0.650191,0.627493,0.473498,0.393542,0.367194,0.366584,0.363429,0.372851,0.363120,0.362991,0.371625,0.385414,0.385171,0.377232,0.388559,0.392492,0.434064,0.504284,0.851345,0.962082,0.980948,0.987508,0.957798,0.814237,0.712442,0.620299,0.602572,0.565991,0.536904,0.548202
0.379037,0.375108,0.382408,0.367052,0.356096,0.364006,0.357881,0.365396,0.359518,0.359761,0.376308,0.436137,0.491943,0.811469,0.954290,0.937636,0.833507,0.806288,0.506255,0.359665,0.529770,0.504577,0.487594,0.501962,0.541235,0.894770,1.004400,0.968797,0.914575,0.832163,0.565623,0.731104,0.869361,0.836351,0.898326,0.807391,0.439500,0.377879,0.377311,0.368696,0.378767,0.383656,0.375826,0.382114,0.378797,0.367724,0.358802,0.362402,0.364506,0.354604,0.345271,0.498327,0.851082,0.950743,0.969102,0.988062,0.954677,0.796718,0.687160,0.604097,0.580253,0.561773,0.542440,0.548896
0.369952,0.363648,0.385510,0.389023,0.369323,0.417479,0.393505,0.371571,0.362969,0.368890,0.371601,0.428841,0.490273,0.816667,0.961810,0.935254,0.876912,0.780804,0.529831,0.393111,0.516434,0.470727,0.536848,0.519580,0.634076,0.895544,0.939392,0.965083,0.963850,0.966996,0.906519,0.968272,0.980113,0.962902,0.880001,0.813181,0.384929,0.391610,0.376776,0.366626,0.360158,0.354979,0.356082,0.357747,0.362330,0.362049,0.361578,0.361621,0.366203,0.375719,0.425656,0.503183,0.871601,0.973893,0.976586,0.990004,0.951176,0.785192,0.739360,0.609947,0.565096,0.569913,0.544809,0.547750
0.352218,0.329725,0.363888,0.370852,0.370796,0.400630,0.375301,0.351138,0.355597,0.359781,0.365963,0.428270,0.487390,0.814645,0.965319,0.955279,0.895608,0.786190,0.531384,0.479612,0.575778,0.777658,0.705612,0.863090,0.893827,0.931699,0.959110,0.976562,0.917837,0.932139,0.966793,0.952277,0.968780,0.940656,0.851456,0.651903,0.347001,0.268989,0.358238,0.358255,0.362897,0.375472,0.380079,0.375880,0.380688,0.383272,0.372050,0.369867,0.355065,0.359146,0.356258,0.484194,0.869371,0.960409,0.979572,0.982515,0.945309,0.806884,0.700489,0.615012,0.556103,0.562613,0.547661,0.550798
0.357344,0.366623,0.385859,0.368697,0.365576,0.394436,0.398578,0.363045,0.368273,0.378200,0.390739,0.447529,0.498883,0.821477,0.965265,0.938966,0.937068,0.890499,0.820396,0.833673,0.951935,0.938161,0.926397,0.914383,0.999409,0.939654,0.887424,0.884601,0.900682,0.860084,0.844565,0.819269,0.807109,0.775438,0.810650,0.732570,0.409808,0.334610,0.366747,0.372765,0.380795,0.373956,0.358995,0.352077,0.345698,0.352513,0.343102,0.349716,0.351247,0.361460,0.393915,0.485735,0.852641,0.962991,0.982664,0.984984,0.950999,0.793351,0.714161,0.629132,0.560532,0.551908,0.544895,0.550793
0.348416,0.425661,0.345031,0.384343,0.381909,0.455584,0.521488,0.400730,0.323132,0.362503,0.330239,0.457274,0.494137,0.802783,0.945260,0.965111,0.937415,0.958124,0.938426,0.927747,0.865399,0.892252,0.915652,0.869683,0.852790,0.849913,0.862618,0.844912,0.835737,0.810149,0.823956,0.813370,0.814239,0.777031,0.804194,0.699987,0.505492,0.365347,0.331690,0.336733,0.312059,0.299153,0.301568,0.327736,0.350307,0.344164,0.373852,0.352734,0.378007,0.369804,0.420436,0.503764,0.843663,1.007564,1.017946,0.982627,0.969391,0.801348,0.742031,0.629612,0.554922,0.556721,0.565262,0.542413
0.404845,0.354562,0.345169,0.312220,0.334990,0.398288,0.381668,0.288920,0.314771,0.314030,0.376443,0.565360,0.606846,0.796916,0.945862,0.919916,0.897097,0.887412,0.873765,0.849883,0.827758,0.805017,0.791412,0.785606,0.783006,0.779888,0.786845,0.789946,0.782107,0.771741,0.739423,0.666795,0.608566,0.561146,0.501897,0.469558,0.361025,0.322009,0.330932,0.356514,0.357817,0.346059,0.347428,0.360778,0.371217,0.372042,0.354028,0.338882,0.319211,0.333734,0.399056,0.570643,0.856147,0.932269,0.966479,0.962200,0.930588,0.789147,0.739959,0.612990,0.572019,0.574043,0.579079,0.534127
