0.091343,0.249532,0.238965,0.320919,0.166168,0.159955,0.154230,0.149870,0.153701,0.162435,0.162008,0.160029,0.159194,0.168437,0.153614,0.139814,0.138570,0.148976,0.162127,0.154725,0.151783,0.154268,0.166231,0.137948,0.117591,0.111729,0.109356,0.106362,0.101550,0.102149,0.102907,0.108160,0.099952,0.093456,0.093892,0.101500,0.106557,0.102290,0.101079,0.097860,0.094606,0.098136,0.101632,0.098646,0.102858,0.095242,0.096837,0.097370,0.104530,0.103648,0.100979,0.098281,0.097989,0.100879,0.100277,0.099874,0.101234,0.101571,0.100038,0.100199,0.102695,0.103698,0.099061,0.097161
0.441439,0.392325,0.296828,0.338017,0.346987,0.331370,0.355188,0.370317,0.367969,0.359392,0.371452,0.377946,0.388842,0.393788,0.391889,0.387236,0.380431,0.382375,0.384378,0.383234,0.376422,0.339448,0.247415,0.162498,0.141565,0.121332,0.112246,0.118952,0.116784,0.116776,0.111849,0.106285,0.106104,0.109486,0.108961,0.113356,0.111280,0.107547,0.102800,0.103042,0.105283,0.105324,0.110360,0.105570,0.105520,0.105484,0.108205,0.104152,0.103413,0.100360,0.098099,0.096917,0.091101,0.092854,0.093390,0.096730,0.092944,0.090907,0.091331,0.099093,0.091834,0.091581,0.079475,0.087862
0.424926,0.340669,0.304801,0.371693,0.374580,0.378078,0.376538,0.376902,0.376174,0.376208,0.375902,0.375834,0.375252,0.374526,0.374872,0.374286,0.373717,0.377048,0.377207,0.377826,0.377507,0.376030,0.375019,0.342018,0.147386,0.115638,0.109624,0.110775,0.119808,0.121901,0.117000,0.110923,0.106688,0.111445,0.106020,0.109642,0.105929,0.109134,0.111326,0.119133,0.112549,0.112844,0.115620,0.118154,0.110186,0.103560,0.107887,0.103644,0.107235,0.099824,0.102257,0.100320,0.106134,0.098083,0.105157,0.097842,0.099265,0.093894,0.095498,0.092437,0.090465,0.093575,0.088971,0.088818
0.290091,0.327580,0.236486,0.360975,0.370138,0.376991,0.380232,0.376039,0.376733,0.372516,0.372216,0.374959,0.379576,0.379065,0.373517,0.373295,0.379225,0.383920,0.377786,0.375282,0.378377,0.383096,0.381975,0.372139,0.324798,0.201192,0.161324,0.120510,0.109760,0.112209,0.110081,0.108339,0.108649,0.116805,0.108807,0.123792,0.114555,0.118122,0.115314,0.117816,0.117115,0.119750,0.113532,0.109991,0.110870,0.116237,0.111535,0.113630,0.108766,0.105450,0.104642,0.110600,0.103435,0.105221,0.096678,0.096904,0.094745,0.103923,0.096381,0.096277,0.097269,0.089210,0.089887,0.086799
0.270316,0.257431,0.274653,0.362174,0.378399,0.374234,0.365942,0.365724,0.364548,0.361797,0.367295,0.377310,0.375730,0.367804,0.366951,0.371332,0.379955,0.374680,0.370018,0.371789,0.376136,0.378761,0.375503,0.366642,0.365084,0.350320,0.242140,0.135987,0.119949,0.116431,0.142900,0.124211,0.121716,0.115640,0.111720,0.106604,0.109166,0.108172,0.109492,0.109597,0.110450,0.108965,0.105936,0.107439,0.108911,0.117527,0.107857,0.103104,0.098027,0.114112,0.103299,0.101004,0.094090,0.097478,0.095794,0.093451,0.090439,0.031535,0.092523,0.080230,0.092000,0.082589,0.095368,0.083434
0.271955,0.282502,0.311419,0.382839,0.380261,0.375663,0.378192,0.381886,0.377670,0.379909,0.378177,0.380745,0.377619,0.367728,0.365497,0.385228,0.376881,0.377395,0.382369,0.380575,0.371147,0.373406,0.382662,0.363703,0.350149,0.364639,0.363243,0.372755,0.369104,0.309983,0.172856,0.128949,0.113811,0.114871,0.110638,0.113561,0.106098,0.126334,0.111228,0.133975,0.114099,0.116239,0.118160,0.119509,0.111140,0.106771,0.108386,0.114695,0.112337,0.113656,0.110438,0.111048,0.107368,0.100727,0.096571,0.094958,0.079936,0.098573,0.090835,0.096263,0.076679,0.093811,0.089477,0.091960
0.390684,0.367011,0.254308,0.381540,0.374153,0.374947,0.378000,0.379528,0.374868,0.368551,0.375127,0.378866,0.377567,0.378520,0.379492,0.376346,0.377900,0.378551,0.375813,0.375000,0.373191,0.379395,0.376111,0.377497,0.381335,0.377586,0.376645,0.375553,0.373847,0.374585,0.290917,0.146014,0.123614,0.120833,0.115041,0.110682,0.109530,0.119062,0.112966,0.111808,0.107365,0.107196,0.106547,0.109427,0.107949,0.119482,0.113655,0.106231,0.104402,0.102593,0.102716,0.102642,0.105421,0.098222,0.092035,0.099639,0.089051,0.096737,0.090050,0.094541,0.085039,0.095560,0.090521,0.091809
0.443649,0.313895,0.383968,0.373390,0.379687,0.374796,0.380132,0.384123,0.380947,0.381212,0.379440,0.375879,0.375389,0.371571,0.372621,0.376729,0.376455,0.379324,0.383211,0.381218,0.377303,0.375665,0.375687,0.376319,0.376041,0.376642,0.375570,0.374610,0.379306,0.384098,0.381589,0.378479,0.353559,0.221966,0.121180,0.107553,0.110429,0.109504,0.104609,0.102639,0.120400,0.116463,0.120652,0.124269,0.122433,0.117968,0.113330,0.107635,0.103532,0.103462,0.109897,0.103926,0.107759,0.104023,0.108563,0.106665,0.101082,0.099135,0.100705,0.097654,0.102182,0.097948,0.103181,0.095089
0.343308,0.351614,0.328201,0.384136,0.384866,0.385932,0.385910,0.386363,0.384020,0.380026,0.381330,0.375306,0.374400,0.380312,0.383054,0.387359,0.387560,0.383156,0.380060,0.380605,0.380772,0.381936,0.383698,0.384309,0.381574,0.385878,0.386405,0.390057,0.390108,0.386005,0.393883,0.385624,0.383901,0.343029,0.204008,0.126720,0.115253,0.123405,0.119038,0.116302,0.118884,0.115394,0.120799,0.119294,0.110651,0.109273,0.110308,0.109411,0.109312,0.107816,0.104444,0.104075,0.105592,0.105700,0.108633,0.103610,0.101879,0.103934,0.107721,0.107327,0.112548,0.106485,0.102959,0.095376
0.362229,0.352052,0.341219,0.388027,0.387629,0.387733,0.385270,0.395562,0.381101,0.372761,0.380813,0.389050,0.394140,0.385732,0.380006,0.382095,0.377575,0.357079,0.358643,0.374874,0.383671,0.388180,0.392513,0.386177,0.388671,0.386674,0.388527,0.393150,0.388685,0.387942,0.388813,0.386002,0.387979,0.389750,0.379656,0.291066,0.150212,0.118550,0.125406,0.120029,0.114432,0.112320,0.110917,0.116192,0.123898,0.133467,0.123180,0.120277,0.113681,0.103865,0.107620,0.122256,0.111627,0.103234,0.106263,0.115465,0.110955,0.105652,0.102092,0.102859,0.106799,0.104006,0.103230,0.093741
0.327629,0.266969,0.260413,0.388204,0.397274,0.393627,0.384449,0.387880,0.394504,0.390441,0.384301,0.382541,0.384184,0.385921,0.385375,0.387606,0.392328,0.386589,0.388210,0.389193,0.387172,0.388278,0.385939,0.393017,0.390880,0.386108,0.387875,0.392649,0.391978,0.389694,0.386931,0.384562,0.380465,0.385071,0.390468,0.389795,0.359682,0.276084,0.164785,0.132019,0.124044,0.123440,0.121428,0.117660,0.118556,0.111615,0.101447,0.101645,0.111118,0.101614,0.114236,0.107182,0.102575,0.106812,0.108086,0.106383,0.102184,0.105080,0.115245,0.108028,0.104871,0.098527,0.102988,0.094958
0.483301,0.208814,0.276715,0.388914,0.388666,0.387044,0.386319,0.387520,0.388831,0.387759,0.385395,0.382865,0.391205,0.399725,0.401837,0.393264,0.392163,0.393185,0.388737,0.389493,0.391202,0.396443,0.395979,0.386853,0.391382,0.395122,0.392348,0.393041,0.391253,0.390099,0.387934,0.380387,0.388507,0.395402,0.399556,0.406964,0.398982,0.389967,0.386344,0.372965,0.203539,0.117933,0.111979,0.114041,0.112680,0.106417,0.112879,0.110973,0.115466,0.112621,0.112590,0.109839,0.107456,0.109767,0.110199,0.113096,0.104709,0.121455,0.111586,0.105135,0.098663,0.115335,0.114997,0.108894
0.509011,0.368267,0.289074,0.392604,0.396879,0.392917,0.400638,0.401219,0.402752,0.400637,0.401574,0.405068,0.403059,0.400828,0.403386,0.402131,0.401266,0.401812,0.403848,0.403542,0.403256,0.401166,0.400629,0.400390,0.399769,0.405593,0.399825,0.402767,0.403498,0.399071,0.396899,0.403677,0.406221,0.405187,0.402460,0.400194,0.400748,0.401066,0.403609,0.398621,0.367541,0.174063,0.141183,0.124713,0.123550,0.110699,0.112979,0.112141,0.111851,0.111808,0.117396,0.110516,0.111074,0.108494,0.122969,0.114986,0.107409,0.110291,0.110179,0.118964,0.105492,0.136648,0.109832,0.107614
0.422432,0.356079,0.291243,0.389141,0.393628,0.393149,0.392712,0.396282,0.395470,0.395063,0.400055,0.396431,0.394803,0.393301,0.395596,0.393124,0.394736,0.399475,0.394842,0.396399,0.398344,0.395595,0.373957,0.357843,0.370596,0.390550,0.392256,0.394068,0.397309,0.395502,0.395731,0.397831,0.397641,0.395603,0.395493,0.395507,0.393655,0.396792,0.395460,0.398707,0.397082,0.396139,0.395966,0.322133,0.129189,0.115517,0.112167,0.107938,0.105130,0.116018,0.117018,0.116228,0.108368,0.112125,0.108130,0.110117,0.110041,0.107847,0.107623,0.108049,0.109936,0.108575,0.109513,0.099282
0.359446,0.335406,0.276500,0.386950,0.394743,0.393955,0.390139,0.395000,0.393768,0.392617,0.391456,0.397264,0.394488,0.389910,0.392338,0.390713,0.393782,0.395146,0.393917,0.391200,0.398986,0.391963,0.342322,0.362311,0.379035,0.396580,0.396385,0.390088,0.394034,0.389315,0.391674,0.396134,0.396262,0.392247,0.394968,0.394363,0.391903,0.392902,0.393868,0.390324,0.391842,0.392136,0.396975,0.400489,0.346841,0.166307,0.122738,0.107650,0.110365,0.114401,0.114064,0.111560,0.109289,0.113904,0.110507,0.116961,0.115651,0.126177,0.112720,0.116770,0.110818,0.114739,0.109106,0.109464
0.297345,0.291206,0.311837,0.390464,0.394888,0.391419,0.391534,0.398515,0.401841,0.402369,0.401508,0.399129,0.394601,0.389407,0.389000,0.389249,0.394092,0.398705,0.398826,0.401910,0.406743,0.405610,0.401070,0.398690,0.398575,0.395956,0.392852,0.394003,0.395512,0.393433,0.398706,0.397952,0.397986,0.395121,0.395021,0.393614,0.395618,0.393087,0.395946,0.399038,0.401639,0.411180,0.416898,0.414615,0.406029,0.388202,0.222759,0.115154,0.110261,0.112453,0.107670,0.111567,0.112917,0.123565,0.117506,0.114911,0.113563,0.107867,0.114683,0.111655,0.110280,0.109833,0.114087,0.101478
0.351186,0.295403,0.307257,0.372145,0.374247,0.372880,0.372778,0.374004,0.380257,0.376282,0.373819,0.374254,0.375103,0.368337,0.370899,0.376523,0.378073,0.377618,0.375754,0.374298,0.375365,0.375635,0.376994,0.377544,0.379358,0.381329,0.380642,0.376061,0.375546,0.375413,0.375278,0.374482,0.370576,0.372013,0.379267,0.380277,0.381598,0.381941,0.382279,0.373186,0.376283,0.373554,0.375738,0.374946,0.374765,0.376297,0.369757,0.318039,0.216648,0.143115,0.128736,0.112513,0.118551,0.111236,0.105446,0.104695,0.118062,0.104195,0.134814,0.111641,0.107487,0.105669,0.120684,0.101524
0.414745,0.408475,0.351848,0.386951,0.383975,0.378371,0.389310,0.391963,0.392593,0.392859,0.392362,0.386502,0.383973,0.382781,0.384700,0.384495,0.383740,0.384768,0.386235,0.386522,0.387218,0.389002,0.389582,0.387712,0.385975,0.388593,0.386493,0.386545,0.383285,0.381863,0.378518,0.377984,0.387669,0.387553,0.386438,0.386983,0.384696,0.386100,0.384420,0.385817,0.387519,0.386750,0.388098,0.389532,0.388789,0.387538,0.388667,0.385286,0.378664,0.328509,0.174403,0.135946,0.127748,0.113294,0.103854,0.125711,0.119616,0.130464,0.123709,0.115171,0.119756,0.120216,0.130179,0.110657
0.332033,0.295014,0.274465,0.357564,0.362247,0.356662,0.361362,0.377817,0.381028,0.375072,0.372123,0.365717,0.362186,0.369355,0.380205,0.383012,0.381125,0.383590,0.384624,0.381321,0.372345,0.371786,0.359575,0.354020,0.363549,0.371049,0.377406,0.379326,0.377685,0.382039,0.379731,0.372216,0.371952,0.375552,0.379946,0.379552,0.375495,0.380847,0.380299,0.384555,0.376247,0.374583,0.363806,0.366080,0.363832,0.358241,0.357370,0.357462,0.343497,0.352415,0.367319,0.362544,0.224244,0.134299,0.118541,0.116586,0.119184,0.122194,0.126011,0.147837,0.181360,0.304347,0.361694,0.310871
0.270001,0.239953,0.230989,0.370364,0.378543,0.388715,0.385872,0.377803,0.379891,0.376301,0.374667,0.382818,0.389797,0.381627,0.371180,0.378347,0.382838,0.380747,0.374049,0.375895,0.377130,0.367204,0.365710,0.388818,0.384492,0.381912,0.376530,0.377503,0.385698,0.379502,0.378993,0.377288,0.378872,0.386190,0.387566,0.385291,0.382197,0.382498,0.376261,0.371205,0.367081,0.372343,0.370449,0.370528,0.369801,0.373914,0.385287,0.384494,0.378025,0.381662,0.377433,0.368205,0.333403,0.224222,0.164629,0.155337,0.161768,0.178834,0.297839,0.386515,0.390711,0.393155,0.400660,0.559715
0.300563,0.349117,0.386660,0.389195,0.391478,0.391992,0.390431,0.390836,0.390994,0.394071,0.391518,0.394537,0.397186,0.388674,0.388622,0.389417,0.386685,0.388970,0.389450,0.393098,0.393708,0.388906,0.390083,0.392178,0.382442,0.380073,0.384313,0.390641,0.388857,0.382828,0.381161,0.385776,0.386133,0.390349,0.389822,0.388390,0.381896,0.379421,0.372699,0.366399,0.375607,0.380054,0.385103,0.392880,0.392047,0.392823,0.389599,0.384997,0.380277,0.376126,0.340780,0.284526,0.162658,0.158157,0.198214,0.362463,0.390202,0.395191,0.415551,0.433367,0.456998,0.517275,0.573597,0.641206
0.286313,0.334699,0.291519,0.380747,0.382543,0.384510,0.381986,0.382382,0.383046,0.384522,0.383436,0.384705,0.383578,0.384069,0.384857,0.385843,0.381569,0.381540,0.381603,0.381510,0.382444,0.382408,0.380608,0.382112,0.379599,0.384545,0.384070,0.383889,0.384603,0.383857,0.380429,0.378789,0.380231,0.380636,0.380495,0.379506,0.380347,0.382221,0.382448,0.381696,0.385248,0.385494,0.382714,0.382293,0.380209,0.381027,0.383955,0.381816,0.381961,0.382777,0.340576,0.163017,0.154251,0.248987,0.456774,0.469248,0.448263,0.495031,0.528817,0.554852,0.564643,0.576184,0.578900,0.503871
0.368747,0.316428,0.370705,0.384064,0.378753,0.376113,0.374634,0.384172,0.378604,0.381571,0.378708,0.376040,0.378236,0.377959,0.377935,0.376172,0.377288,0.374161,0.377166,0.382236,0.379180,0.377842,0.380487,0.378806,0.383040,0.376512,0.377585,0.374259,0.375306,0.379697,0.375359,0.373975,0.377132,0.380439,0.378897,0.381646,0.378367,0.377389,0.377511,0.375504,0.372721,0.378125,0.377208,0.373900,0.377481,0.380329,0.379030,0.376689,0.375971,0.376094,0.375102,0.175569,0.169933,0.405613,0.563136,0.566509,0.499326,0.486203,0.477605,0.466389,0.454297,0.444758,0.429935,0.426617
0.324323,0.328514,0.261823,0.351480,0.349014,0.352281,0.367506,0.379586,0.372946,0.362799,0.361008,0.361261,0.355284,0.351740,0.360714,0.368976,0.366818,0.364639,0.362530,0.361909,0.366120,0.363099,0.354270,0.351195,0.362525,0.367192,0.362664,0.364242,0.361778,0.365840,0.368882,0.357485,0.357964,0.359656,0.361645,0.357667,0.358902,0.361791,0.363175,0.362630,0.372580,0.374794,0.367529,0.359977,0.357453,0.356286,0.351398,0.352131,0.347223,0.350512,0.346151,0.180321,0.251726,0.438231,0.507557,0.502473,0.425027,0.440704,0.381892,0.366459,0.357987,0.358707,0.356546,0.271965
0.268128,0.239600,0.225265,0.327734,0.354071,0.369761,0.378317,0.380695,0.367977,0.358865,0.357941,0.351304,0.358480,0.366165,0.367048,0.362380,0.367105,0.363767,0.363409,0.364160,0.361948,0.352768,0.354504,0.362491,0.365202,0.364441,0.364430,0.369154,0.366453,0.361979,0.363186,0.361083,0.361919,0.360362,0.356961,0.360426,0.363837,0.368437,0.380091,0.382278,0.359976,0.363005,0.364754,0.360522,0.355278,0.350807,0.327115,0.328836,0.351037,0.363533,0.363385,0.357865,0.360599,0.458418,0.643457,0.590972,0.505108,0.412075,0.317268,0.342427,0.337940,0.321165,0.297501,0.173522
0.183325,0.188404,0.261509,0.359269,0.367508,0.384272,0.388652,0.385750,0.385660,0.385617,0.387051,0.385717,0.389061,0.372358,0.360926,0.364825,0.367436,0.372970,0.384805,0.380293,0.380253,0.381425,0.385555,0.383423,0.381054,0.378848,0.382063,0.379976,0.376472,0.385178,0.381563,0.375940,0.365855,0.362442,0.371013,0.383709,0.387894,0.386965,0.379298,0.375207,0.379979,0.383880,0.387935,0.386969,0.388029,0.383992,0.369873,0.366254,0.359564,0.354873,0.361203,0.369129,0.359713,0.622293,0.812339,0.694695,0.705208,0.533121,0.183544,0.135251,0.145038,0.196891,0.271523,0.153776
0.166628,0.203173,0.213553,0.360287,0.366065,0.369777,0.373333,0.372542,0.365960,0.360314,0.355875,0.359585,0.362953,0.364708,0.374459,0.387961,0.380754,0.373651,0.371864,0.373091,0.369252,0.364802,0.364038,0.366709,0.364494,0.363708,0.366763,0.371710,0.369763,0.366277,0.372320,0.374793,0.379554,0.395646,0.409016,0.417489,0.414528,0.397004,0.391636,0.383138,0.378493,0.369771,0.366789,0.372410,0.369539,0.363861,0.345227,0.318060,0.330159,0.369622,0.367638,0.371870,0.422863,0.826111,0.791713,0.678508,0.689088,0.550872,0.312435,0.136661,0.171335,0.214363,0.226569,0.151934
0.241498,0.216801,0.306693,0.382009,0.384893,0.384838,0.383931,0.382086,0.372557,0.350704,0.375507,0.385016,0.386692,0.393021,0.395192,0.398069,0.397019,0.390819,0.384486,0.381323,0.380685,0.382782,0.381120,0.377351,0.380812,0.385323,0.386410,0.387391,0.393614,0.401151,0.407494,0.411553,0.429720,0.445928,0.439793,0.417924,0.403046,0.394813,0.393321,0.390887,0.386530,0.386448,0.385724,0.383207,0.380547,0.380261,0.380662,0.386010,0.393339,0.395917,0.392010,0.394543,0.519771,0.876489,0.929787,0.682852,0.696091,0.579389,0.273724,0.130662,0.142142,0.244042,0.321830,0.209984
0.283680,0.275081,0.309561,0.356229,0.359943,0.357073,0.363242,0.381276,0.386367,0.382185,0.385435,0.380101,0.357205,0.337432,0.343021,0.351620,0.362343,0.360064,0.359006,0.371343,0.372556,0.381559,0.385860,0.399809,0.403724,0.413977,0.446876,0.486997,0.464498,0.412926,0.377248,0.360367,0.354637,0.357887,0.357705,0.357546,0.353347,0.352027,0.348635,0.354316,0.361055,0.366045,0.380125,0.382088,0.389266,0.375047,0.367343,0.367206,0.360924,0.353802,0.349536,0.350340,0.447144,0.943225,0.942350,0.753478,0.686624,0.592991,0.311444,0.148212,0.151642,0.273500,0.309957,0.237313
0.229451,0.264631,0.262479,0.354341,0.349114,0.364519,0.369270,0.393914,0.406670,0.408403,0.402772,0.338893,0.272899,0.226963,0.187257,0.247392,0.331995,0.355982,0.392177,0.419445,0.444688,0.443747,0.452060,0.463141,0.465923,0.488949,0.546009,0.563967,0.433327,0.291526,0.250001,0.280964,0.309097,0.331557,0.335826,0.338946,0.339416,0.355308,0.389091,0.405562,0.407519,0.361613,0.339932,0.350567,0.349132,0.343042,0.345175,0.358946,0.351999,0.330093,0.361490,0.403892,0.616791,0.932060,0.961660,0.878575,0.680305,0.532925,0.339805,0.179172,0.226214,0.286489,0.351727,0.280650
0.263436,0.294630,0.309758,0.361197,0.362414,0.372120,0.379118,0.388053,0.392720,0.389557,0.383458,0.364265,0.161230,0.101434,0.138805,0.289318,0.385106,0.403030,0.417685,0.409683,0.376396,0.362732,0.337830,0.313363,0.297433,0.296603,0.621081,0.612076,0.468922,0.239993,0.125576,0.154042,0.220969,0.275567,0.312362,0.355185,0.372414,0.366306,0.353793,0.352164,0.343412,0.326993,0.323433,0.322013,0.313632,0.353376,0.375670,0.377763,0.382902,0.374973,0.358642,0.337494,0.622365,0.943252,0.929243,0.908630,0.762773,0.604386,0.351195,0.319081,0.300711,0.358410,0.365314,0.320207
0.224104,0.313693,0.419660,0.354308,0.348342,0.346319,0.353064,0.357432,0.352327,0.345366,0.340965,0.330588,0.152103,0.127764,0.288902,0.444244,0.411549,0.318546,0.282153,0.306360,0.264791,0.185129,0.129338,0.112615,0.114376,0.252539,0.719220,0.772389,0.459833,0.348170,0.141822,0.172440,0.206136,0.281724,0.338470,0.347957,0.349180,0.347271,0.337757,0.342234,0.345527,0.342357,0.338889,0.351288,0.353034,0.338362,0.339546,0.327781,0.330975,0.329988,0.341453,0.381149,0.580960,0.912712,0.991810,0.982567,0.814939,0.630149,0.353539,0.442656,0.326764,0.349943,0.350788,0.343167
0.214012,0.288709,0.297150,0.363484,0.358500,0.368044,0.373448,0.371883,0.371480,0.367799,0.359398,0.341461,0.238720,0.212916,0.363318,0.507187,0.413032,0.308122,0.166000,0.121465,0.105484,0.101641,0.095951,0.093364,0.155145,0.263283,0.716496,0.666957,0.503864,0.312352,0.206814,0.211057,0.258817,0.322057,0.357908,0.371612,0.373284,0.367803,0.367818,0.372086,0.373882,0.366797,0.361883,0.354650,0.346168,0.311648,0.332045,0.347183,0.362211,0.364481,0.369580,0.388802,0.629442,0.977947,1.009805,0.989315,0.948110,0.685520,0.447025,0.402224,0.350894,0.366460,0.370607,0.340397
0.259552,0.247463,0.246040,0.356241,0.360005,0.360731,0.365384,0.374327,0.366211,0.363890,0.365677,0.367558,0.352643,0.345390,0.390175,0.478541,0.487721,0.282671,0.128765,0.096336,0.088554,0.056565,0.092695,0.113688,0.129702,0.338798,0.805118,0.861526,0.544121,0.426450,0.204899,0.179012,0.228989,0.339884,0.359443,0.363538,0.361712,0.360937,0.369493,0.363914,0.360009,0.351428,0.335630,0.341164,0.357903,0.356878,0.357222,0.365381,0.364528,0.360037,0.363275,0.386606,0.583516,0.961198,0.977472,0.954960,0.986283,0.670288,0.439083,0.422043,0.352718,0.364684,0.367905,0.319520
0.275194,0.278493,0.232886,0.355258,0.359548,0.360480,0.371614,0.373697,0.366669,0.366877,0.368072,0.365976,0.358082,0.359691,0.474496,0.677742,0.444546,0.386492,0.182207,0.093685,0.087078,0.077450,0.099783,0.104536,0.189004,0.437530,0.893071,0.914673,0.714572,0.483325,0.351524,0.256085,0.297915,0.346518,0.360209,0.361471,0.362588,0.373579,0.373167,0.367008,0.363334,0.359302,0.360289,0.364843,0.364646,0.363936,0.365926,0.360959,0.355159,0.351164,0.357054,0.370153,0.578526,0.939368,0.953990,1.026238,1.007727,0.707416,0.527714,0.418956,0.414573,0.381048,0.373459,0.339070
0.349461,0.384893,0.342256,0.381058,0.375269,0.384061,0.392103,0.398544,0.390465,0.380834,0.382622,0.383371,0.383174,0.402242,0.645847,0.762235,0.525349,0.411876,0.231925,0.099315,0.091627,0.110988,0.098127,0.176625,0.242862,0.489315,0.882591,0.884896,0.864478,0.483258,0.352582,0.262744,0.363865,0.378884,0.390871,0.400394,0.399074,0.399781,0.399221,0.389190,0.382502,0.377662,0.371890,0.370546,0.374897,0.370338,0.377949,0.380210,0.374029,0.369553,0.380040,0.418016,0.669720,0.934419,0.973215,0.993303,0.932148,0.811748,0.530776,0.500018,0.406799,0.395946,0.386473,0.413691
0.292185,0.344638,0.430566,0.371065,0.363096,0.368338,0.380232,0.377875,0.371792,0.363038,0.364320,0.362366,0.363231,0.457648,0.797845,0.909956,0.616901,0.440206,0.250985,0.110314,0.098251,0.108232,0.121532,0.127058,0.251847,0.512282,0.920455,0.935857,0.823494,0.511833,0.399895,0.229725,0.337936,0.356890,0.364962,0.369585,0.378677,0.376124,0.362725,0.355019,0.354483,0.359413,0.366233,0.367582,0.361962,0.366311,0.365961,0.362235,0.353637,0.341503,0.337749,0.406180,0.664890,0.939103,0.998662,1.006318,0.968240,0.812899,0.591594,0.496822,0.540957,0.563725,0.453657,0.369258
0.259964,0.386415,0.402337,0.368499,0.367487,0.368275,0.373969,0.371538,0.370593,0.369770,0.365441,0.370243,0.380799,0.504792,0.787728,0.997941,0.672268,0.475705,0.274615,0.106510,0.098006,0.154061,0.113946,0.139626,0.236941,0.572655,0.904201,0.934840,0.759857,0.563761,0.312893,0.219743,0.327741,0.363391,0.375148,0.377854,0.374662,0.369427,0.371826,0.372264,0.374337,0.381516,0.372390,0.369821,0.367835,0.367329,0.362681,0.329376,0.284143,0.247086,0.354027,0.394490,0.688541,1.006277,0.991580,0.962505,0.983848,0.841508,0.666244,0.571978,0.530937,0.704892,0.515666,0.410090
0.354052,0.350808,0.377063,0.390992,0.386898,0.392534,0.396180,0.397511,0.397608,0.397113,0.397150,0.394841,0.394036,0.537556,0.894055,0.962504,0.744273,0.543973,0.275690,0.117078,0.110003,0.115623,0.143748,0.145600,0.289121,0.651018,0.935382,0.950386,0.786044,0.580094,0.337226,0.226277,0.359546,0.387344,0.387513,0.390065,0.392460,0.390391,0.388175,0.384455,0.383089,0.382781,0.379919,0.380693,0.384032,0.382629,0.387494,0.389572,0.396872,0.391561,0.391916,0.443039,0.738072,0.969945,0.908939,0.991585,0.955887,0.918184,0.712856,0.573660,0.554369,0.445638,0.447549,0.397013
0.304248,0.323264,0.360585,0.375259,0.375557,0.383444,0.386220,0.390332,0.381665,0.371652,0.373490,0.374307,0.384809,0.579928,0.852530,0.934768,0.821096,0.555986,0.252633,0.109743,0.113543,0.146237,0.170618,0.172451,0.294337,0.625275,0.881355,0.943254,0.859814,0.690809,0.404048,0.315316,0.372265,0.377725,0.381572,0.385282,0.379918,0.368552,0.359164,0.356917,0.349045,0.358410,0.367527,0.373150,0.378705,0.381586,0.384194,0.378352,0.367503,0.369629,0.373373,0.412999,0.689172,0.990582,0.964696,1.022473,0.987521,0.913443,0.704252,0.582736,0.475744,0.456989,0.403211,0.366671
0.257964,0.339005,0.337283,0.380337,0.382140,0.381947,0.388018,0.390924,0.381007,0.374274,0.379113,0.381700,0.386022,0.526753,0.864558,0.906191,0.862809,0.581739,0.359176,0.106927,0.110018,0.132882,0.126727,0.142371,0.284875,0.659906,0.956933,0.929185,0.879653,0.752039,0.548551,0.386633,0.419597,0.394304,0.395391,0.400148,0.399013,0.383985,0.368284,0.372964,0.377901,0.380964,0.383606,0.383018,0.384210,0.384595,0.389544,0.371072,0.367566,0.375354,0.378403,0.461323,0.781876,0.975471,0.950814,0.947330,0.986772,0.912959,0.770379,0.624744,0.493473,0.497059,0.457782,0.437455
0.316270,0.393250,0.484853,0.393193,0.372704,0.371698,0.383749,0.389053,0.383443,0.377538,0.389242,0.392008,0.391858,0.541654,0.917447,0.958411,0.819991,0.632317,0.386058,0.114773,0.113289,0.129936,0.137276,0.163488,0.324005,0.587238,0.943556,0.961123,0.871639,0.765174,0.591096,0.351767,0.438105,0.404765,0.398733,0.407519,0.409494,0.398848,0.383292,0.368169,0.372537,0.383436,0.384736,0.385186,0.380556,0.386064,0.390516,0.391074,0.388285,0.386085,0.384221,0.443792,0.737694,0.907295,1.017515,1.000524,0.988420,0.931913,0.791697,0.642883,0.517879,0.500582,0.540957,0.551797
0.337649,0.340019,0.389402,0.370130,0.370467,0.376106,0.379541,0.377117,0.370710,0.370220,0.366453,0.369263,0.373725,0.636429,0.952772,0.973389,0.849727,0.722711,0.396321,0.134585,0.119828,0.138787,0.197500,0.278911,0.356160,0.652016,0.952773,0.956098,0.813551,0.734239,0.566801,0.364260,0.460432,0.411155,0.402043,0.418948,0.408818,0.378992,0.366450,0.368927,0.367356,0.373226,0.375265,0.381916,0.389188,0.386371,0.367466,0.361151,0.361616,0.364630,0.370671,0.425290,0.748781,0.943465,0.939314,0.972925,0.943609,0.884193,0.756705,0.655006,0.537591,0.542153,0.526392,0.541840
0.296809,0.367968,0.366470,0.363758,0.363796,0.365342,0.366061,0.360473,0.347331,0.352934,0.359881,0.357896,0.374864,0.647060,0.943885,0.994732,0.844176,0.758996,0.502672,0.159493,0.133573,0.187611,0.268941,0.322494,0.368404,0.662813,0.946437,0.992333,0.834858,0.725490,0.500305,0.403348,0.419718,0.387076,0.389566,0.390942,0.369074,0.361167,0.365485,0.369565,0.367198,0.362035,0.365456,0.376454,0.368241,0.352858,0.319108,0.342680,0.353377,0.362923,0.365076,0.433066,0.731841,0.955347,1.010392,0.983689,0.976801,0.885344,0.745642,0.592000,0.571669,0.537962,0.548671,0.567673
0.312747,0.277352,0.360970,0.360960,0.358346,0.366427,0.382187,0.371114,0.359169,0.367106,0.363590,0.361484,0.378161,0.590769,0.915365,0.964548,0.867608,0.732624,0.494574,0.194889,0.142988,0.241042,0.318596,0.356694,0.395751,0.636385,0.937005,0.960854,0.863470,0.692716,0.535731,0.414639,0.423001,0.411216,0.407475,0.404211,0.381793,0.355428,0.360677,0.364698,0.363066,0.353126,0.357504,0.363242,0.364633,0.365234,0.364029,0.357214,0.362113,0.363829,0.364622,0.427142,0.692846,0.967442,0.965979,1.045864,0.998785,0.879030,0.713199,0.636882,0.552263,0.534104,0.544567,0.568005
0.267121,0.285272,0.274292,0.361995,0.374589,0.397864,0.432337,0.389170,0.373324,0.363637,0.362770,0.359636,0.391397,0.649632,0.891966,0.980344,0.882875,0.775186,0.504386,0.209046,0.149560,0.240017,0.336876,0.359485,0.392834,0.711385,0.940906,0.926123,0.851778,0.711576,0.516150,0.432766,0.411754,0.423719,0.447826,0.430494,0.393314,0.350654,0.368544,0.370495,0.374978,0.377123,0.375931,0.370095,0.366082,0.361739,0.355466,0.355391,0.361099,0.357062,0.371463,0.461635,0.793136,0.944957,0.954010,0.990467,0.952962,0.845654,0.733628,0.630847,0.536088,0.532194,0.506117,0.532410
0.354364,0.356593,0.384865,0.373165,0.373639,0.386485,0.390363,0.374442,0.359170,0.358854,0.371673,0.373300,0.416844,0.659588,0.927408,0.947501,0.824230,0.823318,0.454835,0.263036,0.159385,0.275050,0.321092,0.333621,0.390028,0.753924,1.016890,0.959914,0.827306,0.804203,0.516182,0.376671,0.431594,0.415346,0.458429,0.458239,0.423953,0.391341,0.377509,0.375206,0.367685,0.363029,0.357547,0.340994,0.331726,0.350775,0.363786,0.370007,0.374357,0.372295,0.375957,0.469793,0.726826,0.972597,0.975777,0.968853,0.924110,0.867252,0.781466,0.710218,0.610313,0.518695,0.546980,0.561290
0.341280,0.312155,0.412808,0.353351,0.354800,0.351893,0.353772,0.347578,0.350831,0.341927,0.337725,0.343788,0.436119,0.698539,0.958759,0.984280,0.812070,0.794726,0.482157,0.219735,0.163496,0.250897,0.297815,0.333696,0.409958,0.717080,0.963398,0.982029,0.813078,0.796851,0.484000,0.356560,0.433009,0.422368,0.464808,0.451819,0.397333,0.359809,0.350681,0.337532,0.330077,0.345835,0.353489,0.365909,0.376232,0.363985,0.352803,0.358479,0.354348,0.346079,0.346954,0.414173,0.731364,0.957781,0.984489,0.931003,0.936460,0.837103,0.736623,0.598319,0.557578,0.603274,0.571462,0.594660
0.364565,0.331965,0.415875,0.372717,0.360550,0.372653,0.365221,0.358507,0.313527,0.291807,0.348964,0.384462,0.488422,0.668920,0.927291,0.906138,0.790791,0.743795,0.495510,0.260601,0.219949,0.312259,0.320495,0.343596,0.404402,0.746986,0.963703,0.923890,0.786501,0.768382,0.510942,0.372856,0.419881,0.460773,0.494721,0.483331,0.401956,0.355494,0.379546,0.370895,0.368411,0.372705,0.371840,0.365907,0.364126,0.363917,0.354912,0.347230,0.343807,0.348916,0.359593,0.443686,0.715063,0.929455,0.956400,0.920613,1.005987,0.859395,0.702714,0.668006,0.536847,0.560919,0.547884,0.533783
0.321548,0.334090,0.357814,0.381020,0.386115,0.393401,0.393382,0.379399,0.360251,0.364920,0.391452,0.426711,0.489034,0.709673,0.952788,0.939155,0.889313,0.766437,0.470570,0.266276,0.197038,0.305433,0.331811,0.351359,0.447946,0.807865,0.997742,0.955944,0.843647,0.771981,0.507980,0.466874,0.536393,0.525616,0.546866,0.504234,0.370818,0.385152,0.368189,0.372329,0.364581,0.358489,0.360131,0.373215,0.366584,0.341821,0.338129,0.356075,0.356947,0.360653,0.381061,0.460020,0.815263,0.991152,0.988451,0.928629,0.958629,0.889895,0.766044,0.626723,0.563826,0.570432,0.546325,0.533922
0.273742,0.307554,0.343320,0.347457,0.342514,0.347069,0.355912,0.337266,0.342859,0.352275,0.343389,0.349713,0.432903,0.742829,0.870869,0.956324,0.843700,0.719538,0.487756,0.295868,0.309572,0.354237,0.340670,0.340922,0.440386,0.810364,0.958570,0.980248,0.898009,0.735788,0.498116,0.440517,0.523405,0.507443,0.522482,0.502555,0.343256,0.357874,0.354263,0.335652,0.325054,0.334205,0.347101,0.341355,0.344369,0.350645,0.342763,0.334551,0.290074,0.314766,0.352179,0.477258,0.813915,0.956287,0.981232,0.956493,0.981943,0.898714,0.730464,0.549125,0.527233,0.546758,0.538404,0.556001
0.312058,0.322777,0.410813,0.359119,0.340877,0.380761,0.393599,0.378217,0.379036,0.379142,0.386480,0.401237,0.478285,0.728827,0.948351,0.925316,0.851867,0.755691,0.457192,0.304583,0.328935,0.390165,0.385828,0.390727,0.470438,0.799188,0.947093,0.936325,0.865377,0.788226,0.512220,0.463474,0.567561,0.542401,0.552350,0.518636,0.434701,0.390234,0.384912,0.384572,0.383298,0.382372,0.367024,0.348434,0.361006,0.376401,0.368023,0.345662,0.327720,0.373134,0.402229,0.490682,0.812248,0.967247,0.982644,0.979539,0.996386,0.845381,0.781840,0.621287,0.550806,0.553814,0.563659,0.501394
0.296987,0.373347,0.477053,0.377501,0.359207,0.384036,0.414195,0.380160,0.365174,0.372091,0.392030,0.405273,0.463744,0.771846,0.955846,0.966561,0.874453,0.773223,0.448373,0.323226,0.376145,0.398108,0.388268,0.396250,0.473383,0.781188,0.962950,0.947885,0.881744,0.748322,0.493480,0.496919,0.540881,0.558960,0.549819,0.511058,0.456099,0.387410,0.380314,0.381057,0.381100,0.377498,0.368012,0.375916,0.374455,0.374236,0.391250,0.396155,0.382304,0.387055,0.410533,0.491848,0.808814,0.959516,0.948201,0.984296,0.937640,0.828841,0.742278,0.598212,0.548834,0.536858,0.522534,0.565931
0.348347,0.399383,0.350393,0.374631,0.368451,0.380448,0.386449,0.377307,0.356059,0.360619,0.380305,0.386338,0.490806,0.819789,0.953539,0.941041,0.820346,0.800789,0.444614,0.353206,0.375063,0.385641,0.381215,0.386712,0.497772,0.839665,0.967821,0.950317,0.811438,0.790436,0.454215,0.494597,0.558080,0.570737,0.553887,0.517173,0.440899,0.366985,0.373272,0.378734,0.379908,0.379839,0.385066,0.386221,0.379194,0.380532,0.382230,0.377477,0.379955,0.381404,0.386774,0.510333,0.842879,0.977678,0.991634,0.945221,0.894744,0.793683,0.731761,0.616832,0.553947,0.534147,0.535444,0.573246
0.385168,0.401971,0.356894,0.384806,0.390808,0.397589,0.404864,0.403108,0.394413,0.388186,0.392496,0.392751,0.516284,0.807363,0.962748,0.961813,0.871402,0.794084,0.441392,0.332472,0.370269,0.387837,0.404623,0.419250,0.514592,0.835993,0.980361,0.969246,0.891689,0.813019,0.515830,0.533846,0.540209,0.568856,0.565913,0.537155,0.425400,0.354759,0.379977,0.374863,0.372536,0.366747,0.362255,0.361295,0.363494,0.357851,0.361165,0.375877,0.371575,0.373526,0.386891,0.509303,0.827774,0.971091,0.987273,0.981045,0.937843,0.837767,0.738730,0.629157,0.554697,0.549095,0.562362,0.522547
0.344841,0.346719,0.290281,0.360029,0.365552,0.373178,0.372923,0.362191,0.355807,0.351531,0.352805,0.375222,0.489841,0.773411,0.937418,0.957720,0.857412,0.767041,0.536725,0.378641,0.416600,0.433652,0.435198,0.470787,0.545684,0.796171,0.925316,0.973184,0.884627,0.803901,0.530494,0.537525,0.561720,0.580743,0.596177,0.527506,0.394589,0.297883,0.338883,0.338296,0.317685,0.330623,0.338880,0.350293,0.353387,0.354939,0.347527,0.340102,0.341264,0.352368,0.379875,0.492801,0.810107,0.951862,0.987728,0.953787,0.913888,0.835628,0.723871,0.638141,0.558011,0.583962,0.549731,0.540960
0.265197,0.376997,0.349078,0.370547,0.375528,0.378396,0.371112,0.354107,0.338024,0.326355,0.369234,0.406356,0.517094,0.820953,0.967806,0.957380,0.824392,0.777041,0.523404,0.403888,0.472686,0.469046,0.472380,0.495644,0.525760,0.826694,0.974531,0.959492,0.867945,0.790426,0.488075,0.534424,0.566633,0.585337,0.598679,0.577237,0.429112,0.335523,0.338565,0.363922,0.368225,0.370045,0.361748,0.367646,0.373469,0.381228,0.348214,0.310513,0.306965,0.352807,0.386949,0.531044,0.834574,0.980723,0.972712,0.958642,0.923878,0.843217,0.754041,0.614338,0.569473,0.560978,0.544553,0.523645
0.284314,0.408704,0.496711,0.397240,0.383816,0.397534,0.402102,0.382194,0.357465,0.354727,0.368628,0.391889,0.479192,0.799783,0.965164,0.927193,0.862231,0.757563,0.510792,0.392885,0.435319,0.450851,0.449532,0.456140,0.524793,0.834013,0.998216,0.928752,0.871059,0.779631,0.500461,0.543546,0.612606,0.626696,0.624222,0.599887,0.502320,0.375173,0.326680,0.342654,0.356906,0.363116,0.362119,0.363447,0.365541,0.369699,0.360614,0.350600,0.365990,0.380639,0.421392,0.511069,0.842635,0.970518,0.967185,0.973373,0.932172,0.843244,0.729761,0.608647,0.631408,0.594515,0.558026,0.542897
0.317252,0.375881,0.390000,0.344791,0.346537,0.350175,0.337801,0.345857,0.311033,0.328275,0.354478,0.364296,0.497710,0.840526,0.953478,0.927537,0.849840,0.798077,0.536028,0.356203,0.499399,0.445685,0.457133,0.495386,0.543208,0.877595,0.986423,0.954367,0.884129,0.822472,0.575780,0.709053,0.819862,0.838076,0.865656,0.742247,0.506801,0.368309,0.390440,0.346151,0.350700,0.350471,0.344075,0.344211,0.357650,0.352239,0.344597,0.350554,0.356375,0.347716,0.340816,0.490628,0.859245,0.910304,0.922919,0.964227,0.921388,0.824986,0.694238,0.608865,0.637430,0.564036,0.533585,0.553887
0.335350,0.348311,0.380110,0.350602,0.342763,0.347370,0.342045,0.322192,0.328397,0.346365,0.352275,0.368631,0.502615,0.870349,0.971871,0.914915,0.926715,0.827863,0.481661,0.396282,0.513951,0.487860,0.498636,0.507333,0.626051,0.894184,0.943531,0.944989,0.947448,0.865347,0.893919,0.966749,0.950427,0.942125,0.930752,0.826456,0.438916,0.388648,0.350819,0.354224,0.353138,0.349549,0.349711,0.346908,0.347496,0.345965,0.341866,0.346112,0.344928,0.338235,0.356699,0.498771,0.877298,0.978227,0.940111,0.973369,0.943776,0.839048,0.772577,0.613619,0.576979,0.590703,0.538236,0.532645
0.257379,0.261983,0.327820,0.354060,0.346989,0.390284,0.358493,0.341585,0.339139,0.348139,0.351633,0.363274,0.462578,0.828762,0.978249,0.977617,0.907751,0.744077,0.520286,0.477769,0.555547,0.704647,0.705783,0.838853,0.892933,0.932037,0.950745,0.950186,0.948174,0.940719,0.947257,0.951230,0.948140,0.938898,0.912705,0.679016,0.364841,0.275210,0.325046,0.345699,0.335289,0.336805,0.337868,0.344502,0.346649,0.346778,0.342463,0.340096,0.346520,0.353808,0.356652,0.464490,0.886495,0.951803,0.971669,0.949495,0.917328,0.850581,0.690988,0.599634,0.551882,0.590250,0.624460,0.569142
0.171627,0.237502,0.324175,0.348611,0.347043,0.357360,0.356810,0.326880,0.314225,0.336329,0.355751,0.373296,0.504719,0.844022,0.966720,0.933865,0.900107,0.844054,0.809023,0.832420,0.934797,0.934945,0.920931,0.921710,0.906415,0.911953,0.902710,0.889564,0.880088,0.887128,0.874609,0.862630,0.843935,0.832065,0.813898,0.734918,0.410753,0.231448,0.240278,0.336440,0.344116,0.356774,0.350463,0.343920,0.345588,0.336129,0.338140,0.324737,0.324389,0.309770,0.348306,0.457919,0.865122,0.957572,0.954506,0.909654,0.910966,0.826349,0.725100,0.664929,0.554895,0.526460,0.528656,0.565262
0.273720,0.399589,0.330108,0.368478,0.366681,0.388942,0.412971,0.390772,0.336496,0.359269,0.370032,0.399705,0.497329,0.818854,0.966171,0.979107,0.892821,0.899870,0.896786,0.896158,0.888249,0.881651,0.876253,0.882077,0.878732,0.872540,0.858869,0.863175,0.861447,0.852288,0.828492,0.821253,0.817266,0.816699,0.810416,0.694557,0.509339,0.328633,0.279717,0.354498,0.360965,0.346815,0.323863,0.285025,0.298096,0.291522,0.323445,0.309830,0.343434,0.356526,0.380856,0.499358,0.826778,0.986580,1.004232,0.932471,0.934129,0.855950,0.750736,0.648986,0.556854,0.556152,0.561809,0.542315
0.358522,0.333980,0.338364,0.345348,0.354764,0.396710,0.386215,0.323893,0.327528,0.331914,0.368027,0.405938,0.601810,0.796622,0.926584,0.924965,0.888338,0.874012,0.864319,0.847078,0.826849,0.814142,0.801501,0.780541,0.760553,0.760744,0.757528,0.762277,0.759090,0.754034,0.747727,0.742883,0.696485,0.610873,0.520330,0.472459,0.373244,0.320042,0.326593,0.334798,0.322180,0.273745,0.297242,0.334968,0.349365,0.354554,0.346229,0.338922,0.338802,0.349611,0.391540,0.570369,0.855900,0.930141,0.965738,0.914478,0.896571,0.821088,0.736572,0.627261,0.571261,0.573495,0.567418,0.533679
